0.000000000000000000e+00 0.000000000000000000e+00 2.050000000000000000e+02 0.000000000000000000e+00 1.126043697302905544e+00 0.000000000000000000e+00 1.270966693465988895e+00
2.040816326530612201e+01 1.000000000000000000e+00 0.000000000000000000e+00 2.503500733686107438e+01 0.000000000000000000e+00 0.000000000000000000e+00 0.000000000000000000e+00
4.081632653061224403e+01 1.700000000000000000e+01 1.000000000000000000e+00 3.998360979780293700e+00 3.370441011420459176e+01 1.338395888946992462e+00 0.000000000000000000e+00
6.122448979591836604e+01 1.300000000000000000e+01 1.000000000000000000e+00 5.249518781809906720e+00 2.979761885070641725e+01 1.750656036309017560e+00 0.000000000000000000e+00
8.163265306122448806e+01 1.400000000000000000e+01 1.000000000000000000e+00 4.903391747397068734e+00 2.976018800022804101e+01 1.439235579426444867e+00 0.000000000000000000e+00
1.020408163265306030e+02 1.400000000000000000e+01 1.000000000000000000e+00 4.770398074858071880e+00 2.993623797254833008e+01 9.493013215092201973e-01 0.000000000000000000e+00
1.224489795918367321e+02 1.400000000000000000e+01 1.000000000000000000e+00 4.653197551374081975e+00 3.022737612688080588e+01 8.554168511296317279e-01 0.000000000000000000e+00
1.428571428571428612e+02 1.400000000000000000e+01 1.000000000000000000e+00 4.556448541811399799e+00 3.040595818246204374e+01 7.440486213782676606e-01 0.000000000000000000e+00
1.632653061224489761e+02 1.300000000000000000e+01 1.000000000000000000e+00 4.687270367663924908e+00 3.051051818218141776e+01 6.670675430457574384e-01 0.000000000000000000e+00
1.836734693877550910e+02 1.300000000000000000e+01 1.000000000000000000e+00 4.618610165064672479e+00 3.054181637969000462e+01 6.111355733158995163e-01 0.000000000000000000e+00
2.040816326530612059e+02 1.300000000000000000e+01 1.000000000000000000e+00 4.553548122452808045e+00 3.055224198722345719e+01 5.097155888952732417e-01 0.000000000000000000e+00
2.244897959183673493e+02 1.300000000000000000e+01 1.000000000000000000e+00 4.556359694364423341e+00 3.058870363073461718e+01 4.579290615687675037e-01 0.000000000000000000e+00
2.448979591836734642e+02 1.300000000000000000e+01 1.000000000000000000e+00 4.530346612600404832e+00 3.064071642740608681e+01 4.202338781859381589e-01 0.000000000000000000e+00
2.653061224489795791e+02 1.300000000000000000e+01 1.000000000000000000e+00 4.530730185603520255e+00 3.063551912155453749e+01 3.855167087660648084e-01 0.000000000000000000e+00
2.857142857142857224e+02 1.200000000000000000e+01 1.000000000000000000e+00 4.727661792256263595e+00 3.062512186378977574e+01 4.556318578961471855e-01 0.000000000000000000e+00
3.061224489795918089e+02 1.200000000000000000e+01 1.000000000000000000e+00 4.716820767735399045e+00 3.064071642740608681e+01 4.210604069387998694e-01 0.000000000000000000e+00
3.265306122448979522e+02 1.200000000000000000e+01 1.000000000000000000e+00 4.696035829198518030e+00 3.069264108154444060e+01 3.661748338300893080e-01 0.000000000000000000e+00
3.469387755102040956e+02 1.200000000000000000e+01 1.000000000000000000e+00 4.708658049878072127e+00 3.071857049487178770e+01 3.486158342526683440e-01 0.000000000000000000e+00
3.673469387755101820e+02 1.200000000000000000e+01 1.000000000000000000e+00 4.694634595569858071e+00 3.070301547463487779e+01 3.068614929606954256e-01 0.000000000000000000e+00
3.877551020408163254e+02 1.200000000000000000e+01 1.000000000000000000e+00 4.685387148419951409e+00 3.071857049487178770e+01 2.734010217209507654e-01 0.000000000000000000e+00
4.081632653061224119e+02 1.200000000000000000e+01 1.000000000000000000e+00 4.691508271452708989e+00 3.075483494690655917e+01 2.653856522327183165e-01 0.000000000000000000e+00
4.285714285714285552e+02 1.200000000000000000e+01 1.000000000000000000e+00 4.698225842960922272e+00 3.074447803974407734e+01 2.458289859181908565e-01 0.000000000000000000e+00
4.489795918367346985e+02 1.200000000000000000e+01 1.000000000000000000e+00 4.707335264990936352e+00 3.076001209279743875e+01 2.331748252943695310e-01 0.000000000000000000e+00
4.693877551020407850e+02 1.200000000000000000e+01 1.000000000000000000e+00 4.710183526734437187e+00 3.075483494690655917e+01 2.325644400795642552e-01 0.000000000000000000e+00
4.897959183673469283e+02 1.200000000000000000e+01 1.000000000000000000e+00 4.710436772268471906e+00 3.073929827759127775e+01 2.273774148216115287e-01 0.000000000000000000e+00
5.102040816326530717e+02 1.200000000000000000e+01 1.000000000000000000e+00 4.721952698856175523e+00 3.076518836748158492e+01 2.218893791991717324e-01 0.000000000000000000e+00
5.306122448979591582e+02 1.200000000000000000e+01 1.000000000000000000e+00 4.730892722749618251e+00 3.072893613393680212e+01 2.105803102526973836e-01 0.000000000000000000e+00
5.510204081632653015e+02 1.200000000000000000e+01 1.000000000000000000e+00 4.719667937653056811e+00 3.071857049487178770e+01 2.103983531176785438e-01 0.000000000000000000e+00
5.714285714285714448e+02 1.200000000000000000e+01 1.000000000000000000e+00 4.719889410356766568e+00 3.071857049487178770e+01 2.053700628303583575e-01 0.000000000000000000e+00
5.918367346938775881e+02 1.200000000000000000e+01 1.000000000000000000e+00 4.720043174861512369e+00 3.071857049487178770e+01 2.018051935608620728e-01 0.000000000000000000e+00
6.122448979591836178e+02 1.200000000000000000e+01 1.000000000000000000e+00 4.717432330529633511e+00 3.071857049487178770e+01 1.970427300029199136e-01 0.000000000000000000e+00
6.326530612244897611e+02 1.200000000000000000e+01 1.000000000000000000e+00 4.723624533294012551e+00 3.073411764246936073e+01 1.828755185896723534e-01 0.000000000000000000e+00
6.530612244897959044e+02 1.200000000000000000e+01 1.000000000000000000e+00 4.715156044542295533e+00 3.072893613393680212e+01 1.837330347484262827e-01 0.000000000000000000e+00
6.734693877551020478e+02 1.200000000000000000e+01 1.000000000000000000e+00 4.718061447991047430e+00 3.075483494690655917e+01 1.813554618804364693e-01 0.000000000000000000e+00
6.938775510204081911e+02 1.200000000000000000e+01 1.000000000000000000e+00 4.715587752113088449e+00 3.076001209279743875e+01 1.722977207122649845e-01 0.000000000000000000e+00
7.142857142857142208e+02 1.200000000000000000e+01 1.000000000000000000e+00 4.715508263950116685e+00 3.073411764246936073e+01 1.744596373370454756e-01 0.000000000000000000e+00
7.346938775510203641e+02 1.200000000000000000e+01 1.000000000000000000e+00 4.717985666448363702e+00 3.071857049487178770e+01 1.833163434095158861e-01 0.000000000000000000e+00
7.551020408163265074e+02 1.200000000000000000e+01 1.000000000000000000e+00 4.718208584674287387e+00 3.072375375155170119e+01 1.774862870170682838e-01 0.000000000000000000e+00
7.755102040816326507e+02 1.200000000000000000e+01 1.000000000000000000e+00 4.721053963424669320e+00 3.072375375155170119e+01 1.765853423619907492e-01 0.000000000000000000e+00
7.959183673469387941e+02 1.200000000000000000e+01 1.000000000000000000e+00 4.718311235192208741e+00 3.071857049487178770e+01 1.747361394566652737e-01 0.000000000000000000e+00
8.163265306122448237e+02 1.200000000000000000e+01 1.000000000000000000e+00 4.718169686317943423e+00 3.072893613393680212e+01 1.785173428092653169e-01 0.000000000000000000e+00
8.367346938775509670e+02 1.200000000000000000e+01 1.000000000000000000e+00 4.720970163938190467e+00 3.073411764246936073e+01 1.788116884051423050e-01 0.000000000000000000e+00
8.571428571428571104e+02 1.200000000000000000e+01 1.000000000000000000e+00 4.721286758991571020e+00 3.072375375155170119e+01 1.702476081351819437e-01 0.000000000000000000e+00
8.775510204081632537e+02 1.200000000000000000e+01 1.000000000000000000e+00 4.729827838154805342e+00 3.073411764246936073e+01 1.669711487521738646e-01 0.000000000000000000e+00
8.979591836734693970e+02 1.200000000000000000e+01 1.000000000000000000e+00 4.727101406012661933e+00 3.072375375155170119e+01 1.646929331855374878e-01 0.000000000000000000e+00
9.183673469387755404e+02 1.200000000000000000e+01 1.000000000000000000e+00 4.729844134245122511e+00 3.073411764246936073e+01 1.665088851886991905e-01 0.000000000000000000e+00
9.387755102040815700e+02 1.200000000000000000e+01 1.000000000000000000e+00 4.727333042904342975e+00 3.073929827759127775e+01 1.579042951693025165e-01 0.000000000000000000e+00
9.591836734693877133e+02 1.200000000000000000e+01 1.000000000000000000e+00 4.727220760467544913e+00 3.072893613393680212e+01 1.612307252752901432e-01 0.000000000000000000e+00
9.795918367346938567e+02 1.200000000000000000e+01 1.000000000000000000e+00 4.727220760467544913e+00 3.073929827759127775e+01 1.612307252752901432e-01 0.000000000000000000e+00
1.000000000000000000e+03 1.200000000000000000e+01 1.000000000000000000e+00 4.730000809912161763e+00 3.073929827759127775e+01 1.619971645741982991e-01 0.000000000000000000e+00
