4.001663014429804321e-01 3.002212609921293129e-01
3.005927714417998553e-01 3.813672041156186965e-01
2.737645735936509173e-01 4.196586372323177772e-01
2.608921825915805348e-01 4.751021139508759261e-01
2.442373606075209924e-01 5.294945253664780083e-01
2.313296429490408201e-01 5.592066862486826384e-01
2.222548957569424888e-01 5.800448206099879656e-01
2.160887954084960150e-01 5.934450929012733411e-01
2.120337138575721647e-01 6.018575658820563001e-01
2.091484298294079835e-01 6.083764805522943186e-01
2.069794648561720518e-01 6.132945788674332155e-01
2.054266158797652952e-01 6.165210541835526303e-01
2.043786739836940536e-01 6.184404505786649242e-01
2.037087760580565399e-01 6.195329419943247373e-01
2.031585768811461634e-01 6.207103867593916080e-01
2.025106717731057770e-01 6.224832392366528300e-01
2.019411015215782368e-01 6.239231291629544485e-01
2.014752851415148038e-01 6.250677114056540917e-01
2.010973867535166826e-01 6.259164233927511090e-01
2.008190933698071057e-01 6.264563041242996455e-01
2.006430318425299897e-01 6.267601275108336534e-01
2.005433621500493646e-01 6.269219503933393112e-01
2.004906912375685746e-01 6.270060744076713100e-01
2.004639684166232283e-01 6.270511821917352790e-01
2.004501425543593063e-01 6.270760146590934614e-01
2.004432349964138382e-01 6.270899335259744189e-01
2.004397727988209144e-01 6.270986229718320537e-01
2.004380456635074248e-01 6.271053001319584208e-01
2.004367629933251349e-01 6.271116801010629960e-01
2.004358507643437814e-01 6.271173084791071828e-01
2.004350393060922164e-01 6.271233679189657240e-01
2.004338919078146042e-01 6.271303159847519959e-01
2.004329458204979486e-01 6.271350038196552568e-01
2.004324323938225794e-01 6.271388324544001636e-01
2.004321333915973224e-01 6.271421286938095863e-01
2.004319867190801907e-01 6.271452985525305390e-01
2.004318901685081256e-01 6.271481907887047624e-01
2.004318338576025760e-01 6.271509202234314406e-01
2.004318041942248219e-01 6.271535086070140208e-01
2.004318127614384826e-01 6.271560489493454016e-01
2.004318379465605815e-01 6.271584798100251490e-01
2.004318750994063536e-01 6.271607973772722611e-01
2.004319246651890540e-01 6.271630220852898452e-01
2.004319833319230248e-01 6.271651532493737191e-01
2.004320657243998105e-01 6.271672720038364846e-01
2.004321381313524386e-01 6.271692275234431735e-01
2.004322327341483412e-01 6.271711858824824404e-01
2.004323326480318135e-01 6.271730761775896612e-01
2.004324353300837858e-01 6.271748909068141087e-01
2.004325408276405873e-01 6.271766389466695291e-01
